210011
239944
837560
957974
164030
189349
194645
679568
567052
568963
209935
833148
120111
172534
965367
124826
107321
173435
479762
208327
899885
140117
285345
500222
789373
552544
200109
782561
211417
127933
177746
285446
567961
187547
573451
211215
361941
121618
917255
172130
137027
150423
162228
250932
122620
987983
245333
729254
173536
117324
316633
135932
201111
105216
113215
715647
148032
110411
181232
709551
173940
620434
547046
871964
887373
179346
201818
141422
178849
149337
540436
124422
932554
160123
153025
167036
268850
101309
386250
158035
191033
983773
198855
583858
480141
108323
199655
203418
365343
136227
573249
135528
586460
377451
958976
497865
128127
704238
178950
133928
